

current stage is: layer-10
iter:     0    time: 4.10
Func: 6.42e-03  |g|: 4.90e-02
iter:    10    time: 54.66
Func: 1.80e-04  |g|: 4.62e-04
iter:    20    time: 33.29
Func: 1.49e-05  |g|: 1.01e-03
iter:    30    time: 95.54
Func: 1.08e-05  |g|: 4.65e-05
current expression:
[u, u**3, 1, u**4, u**2, u**5, u**6]
[ 1.57331408e+00 -8.67643326e-01  4.62373430e-01  2.35703231e-01
  6.59498587e-02 -5.87662588e-03  5.14641755e-05]
